# Image list with two lines of data per image:
#   IMAGE_ID, QW, QX, QY, QZ, TX, TY, TZ, CAMERA_ID, NAME
#   POINTS2D[] as (X, Y, POINT3D_ID)
# Number of images: 42, mean observations per image: 0.0
1 -0.12625559 0.99199766 -0.00053102506 -0.00015253799 0.0006375268 -0.0001970681 0.9573528 1 126.png

2 -0.16678509 0.96326905 0.038591772 -0.20689587 -7.394609e-05 0.00030682873 0.9645911 2 livephoto_020.jpg

3 -0.16680539 0.9632739 0.038654957 -0.20684588 -0.000112497946 0.00038090913 0.96471363 3 000.png

4 -0.12623252 0.991793 -0.003060517 0.020064168 0.0002741304 -0.00032454415 0.9567879 4 129.png

5 -0.16824444 0.97518975 -0.02496126 0.14168875 -0.0014926082 -0.0002392606 0.96420264 5 livephoto_141.jpg

6 -0.1261011 0.9914373 -0.004876932 0.03356656 0.0003556161 -0.00035104985 0.95677775 6 131.png

7 -0.1803068 0.96079826 0.04180577 -0.206418 -0.0001062527 -0.00034221757 0.95782673 7 005.png

8 -0.1259705 0.9901391 -0.00803944 0.06075549 3.2854525e-05 -0.00047488487 0.95612866 8 135.png

9 -0.12581326 0.98922396 -0.0097291265 0.07424468 -0.0003943523 -0.00044208489 0.9555085 9 137.png

10 -0.19699849 0.95747775 0.04610607 -0.2056752 -6.948454e-05 -0.0004133931 0.9524068 10 011.png

11 -0.1255296 0.98813534 -0.01130845 0.08776651 -0.00078447326 -0.00012196229 0.9551622 11 139.png

12 -0.1251589 0.9853966 -0.014564742 0.11452874 -0.0013933474 3.8194457e-06 0.9546659 12 143.png

13 -0.20740864 0.95759076 0.045581285 -0.19474043 -0.00026682494 -9.299926e-06 0.9505504 13 016.png

14 -0.12502001 0.9837122 -0.015861714 0.12817389 -0.0017113399 -0.0004230623 0.95365417 14 145.png

15 -0.20833565 0.96143436 0.04090305 -0.17483443 -0.0003474702 -1.4443803e-05 0.95173013 15 019.png

16 -0.12506257 0.982034 -0.017201055 0.1402592 -0.0027185744 0.00037975548 0.9533981 16 147.png

17 -0.20926818 0.96593076 0.034920607 -0.14820653 -0.00038501242 2.2673557e-05 0.95253307 17 023.png

18 -0.21039973 0.96964306 0.02811661 -0.121382594 -0.0003550439 0.00022839916 0.95329434 18 027.png

19 -0.1522987 0.9778815 -0.022794368 0.14153849 -0.0012302235 -0.00065174955 0.9575352 19 156.png

20 -0.21123512 0.9719292 0.023109643 -0.10099105 2.3463308e-06 0.00020003147 0.9542368 20 030.png

21 -0.21206695 0.9743111 0.016504899 -0.07397896 0.00010948547 0.00022902476 0.9546028 21 034.png

22 -0.21246141 0.9756218 0.011480953 -0.05376048 -9.808762e-05 0.0002864515 0.9553795 22 037.png

23 -0.21281028 0.9767177 0.0051567005 -0.026601832 -0.00012853894 0.00024058511 0.95587415 23 041.png

24 -0.2128596 0.9770824 -0.00082808704 0.0003279591 -1.1730988e-05 0.0001209021 0.9567079 24 045.png

25 -0.21282771 0.97667044 -0.006647483 0.02783955 9.428468e-05 4.1094827e-05 0.95721394 25 049.png

26 -0.21256384 0.9754914 -0.0130446665 0.055344686 -0.000106918655 1.073622e-05 0.9577678 26 053.png

27 -0.21212973 0.97292423 -0.021062756 0.08930659 -1.6281783e-05 -0.00012044395 0.957519 27 058.png

28 -0.2114688 0.9691498 -0.02851184 0.1233557 -0.0003600704 -0.00022917512 0.9559643 28 063.png

29 -0.20046309 0.96907955 -0.02993688 0.14072396 -0.00055447785 -0.00036727684 0.95656914 29 069.png

30 -0.18251541 0.9726957 -0.027198574 0.14075302 -0.0011805862 -0.0002743031 0.959722 30 075.png

31 -0.16811337 0.97520024 -0.0250289 0.14176069 -0.0015671073 -5.4753116e-05 0.9642968 31 080.png

32 -0.14410262 0.9668471 0.033267826 -0.20816866 -0.00032370634 -0.0005768494 0.9604533 32 088.png

33 -0.12407956 0.9701054 0.028246317 -0.20664418 0.0024647906 0.0010208653 0.9598515 33 095.png

34 -0.124073155 0.97506744 0.024327397 -0.18236598 0.00020920314 0.0003366022 0.95826566 34 099.png

35 -0.12451714 0.97859234 0.02177655 -0.16241348 -8.155931e-05 0.00025166737 0.95786166 35 102.png

36 -0.124596074 0.98075336 0.020210888 -0.14896315 -0.000113874754 0.00011844428 0.957514 36 104.png

37 -0.12499632 0.9836235 0.017426135 -0.12867336 0.00029510402 0.00010178239 0.9573079 37 107.png

38 -0.12554342 0.9867695 0.013838374 -0.101652175 0.0004095674 2.787065e-05 0.9577143 38 111.png

39 -0.12576044 0.98806334 0.011883394 -0.08816921 0.0004158874 -1.0954013e-05 0.95754874 39 113.png

40 -0.12604956 0.9896584 0.009094328 -0.067858584 0.00058416906 1.9450808e-07 0.9574906 40 116.png

41 -0.12631142 0.9914005 0.00417559 -0.033953033 0.00076023827 -0.000102993385 0.9575481 41 121.png

42 -0.12627845 0.99178326 0.002287442 -0.020359911 0.000755013 -0.00019511842 0.95761645 42 123.png

