# Image list with two lines of data per image:
#   IMAGE_ID, QW, QX, QY, QZ, TX, TY, TZ, CAMERA_ID, NAME
#   POINTS2D[] as (X, Y, POINT3D_ID)
# Number of images: 40, mean observations per image: 0.0
1 -0.1700257 0.98543966 -4.2162338e-08 -7.2653266e-09 3.6500045e-05 -0.0002946622 0.95927703 1 000.jpg

2 -0.18484858 0.982767 -1.5023693e-06 6.743679e-06 2.4004228e-05 -0.00019294769 0.9587632 2 005.jpg

3 -0.20258036 0.9792656 -3.253699e-06 1.4843323e-05 9.008043e-06 -7.092208e-05 0.95814645 3 011.jpg

4 -0.21268578 0.9770591 -0.0023308417 0.0107076075 4.0605664e-07 -1.0728836e-06 0.9577935 4 016.jpg

5 -0.21259026 0.9766204 -0.0067860056 0.031174233 3.7252903e-07 -1.0952353e-06 0.95779365 5 019.jpg

6 -0.21231778 0.9753686 -0.012721252 0.05844025 3.1292439e-07 -1.1026859e-06 0.9577936 6 023.jpg

7 -0.21187966 0.97335577 -0.018646581 0.08566066 2.2351742e-07 -1.1175871e-06 0.9577936 7 027.jpg

8 -0.2114425 0.9713476 -0.02308127 0.10603326 2.2351742e-07 -1.1026859e-06 0.95779365 8 030.jpg

9 -0.21071532 0.96800697 -0.028978106 0.13312276 1.937151e-07 -1.1250377e-06 0.95779365 9 034.jpg

10 -0.21006206 0.96500576 -0.03338614 0.15337296 1.1920929e-07 -1.0952353e-06 0.95779365 10 037.jpg

11 -0.20904753 0.9603452 -0.039240394 0.18026681 5.9604645e-08 -1.1250377e-06 0.95779365 11 041.jpg

12 -0.20786993 0.95493543 -0.04506402 0.20702009 0.0 -1.128763e-06 0.95779365 12 045.jpg

13 -0.20653012 0.9487806 -0.05085249 0.23361176 0.0 -1.1064112e-06 0.9577937 13 049.jpg

14 -0.20502919 0.9418855 -0.05660128 0.2600212 -1.1920929e-07 -1.1343509e-06 0.9577938 14 053.jpg

15 -0.20292816 0.9322335 -0.06372464 0.2927453 -1.7881393e-07 -1.1175871e-06 0.95779365 15 058.jpg

16 -0.20057976 0.9214451 -0.07077029 0.32511243 -1.7881393e-07 -1.1022203e-06 0.95779365 16 063.jpg

17 -0.18954922 0.9177261 -0.07060755 0.34185445 8.6426735e-06 6.992929e-05 0.95743465 17 069.jpg

18 -0.17279911 0.9210299 -0.06436645 0.34307632 2.3961067e-05 0.00019137189 0.95682114 18 075.jpg

19 -0.1483486 0.9889352 -1.2856702e-06 9.853516e-06 1.8522376e-05 -0.00014827773 0.9585378 19 088.jpg

20 -0.12659992 0.99195373 -2.5282268e-06 1.970943e-05 5.440379e-07 -1.9147992e-06 0.95779854 20 095.jpg

21 -0.12641074 0.99160707 -0.003429983 0.026905809 3.7625432e-07 -9.760261e-07 0.95779383 21 099.jpg

22 -0.12631346 0.990844 -0.006028824 0.047292 3.2782555e-07 -9.760261e-07 0.9577937 22 102.jpg

23 -0.12621893 0.99010247 -0.007760037 0.060872212 3.2037497e-07 -9.685755e-07 0.95779383 23 104.jpg

24 -0.12603268 0.9886413 -0.010354019 0.081220284 2.682209e-07 -9.983778e-07 0.95779395 24 107.jpg

25 -0.12570138 0.98604274 -0.013805661 0.108296126 2.2351742e-07 -9.909272e-07 0.95779383 25 111.jpg

26 -0.1255003 0.98446536 -0.015527748 0.12180477 1.7881393e-07 -9.983778e-07 0.95779395 26 113.jpg

27 -0.12515447 0.98175234 -0.018105317 0.14202403 1.4901161e-07 -9.909272e-07 0.9577939 27 116.jpg

28 -0.124460466 0.9763085 -0.022383692 0.17558506 5.9604645e-08 -9.834766e-07 0.9577938 28 121.jpg

29 -0.12414191 0.9738093 -0.02408798 0.18895401 0.0 -9.536743e-07 0.9577937 29 123.jpg

30 -0.12362024 0.96971774 -0.026635798 0.20893991 -8.940697e-08 -9.4622374e-07 0.95779383 30 126.jpg

31 -0.123046406 0.9652159 -0.029172331 0.22883743 -2.9802322e-08 -9.834766e-07 0.9577939 31 129.jpg

32 -0.12263486 0.96198785 -0.030856578 0.24204917 2.9802322e-08 -9.983778e-07 0.9577939 32 131.jpg

33 -0.12174273 0.9549897 -0.03420735 0.26833376 -8.940697e-08 -9.834766e-07 0.9577938 33 135.jpg

34 -0.12126235 0.9512211 -0.035873268 0.28140175 -8.940697e-08 -9.909272e-07 0.95779383 34 137.jpg

35 -0.12075907 0.9472736 -0.0375324 0.29441664 -1.1920929e-07 -9.983778e-07 0.9577938 35 139.jpg

36 -0.11968463 0.93884516 -0.04082924 0.3202781 -2.3841858e-07 -9.983778e-07 0.95779395 36 143.jpg

37 -0.11911364 0.9343659 -0.042466305 0.33311987 -1.7881393e-07 -9.983778e-07 0.95779383 37 145.jpg

38 -0.118520185 0.9297109 -0.044095375 0.3458988 -2.3841858e-07 -9.983778e-07 0.95779383 38 147.jpg

39 -0.14437585 0.92591095 -0.053778645 0.34489483 2.3424625e-05 0.00018727034 0.95684224 39 156.jpg

40 -0.15879649 0.92354953 -0.059149124 0.34400737 3.6895275e-05 0.00029250234 0.9563099 40 livephoto_141.jpg

