# Image list with two lines of data per image:
#   IMAGE_ID, QW, QX, QY, QZ, TX, TY, TZ, CAMERA_ID, NAME
#   POINTS2D[] as (X, Y, POINT3D_ID)
# Number of images: 164, mean observations per image: 0
164 0.93654307960381833 -0.003679307734140613 -0.33040937068209492 -0.11706069525214828 0.59193986654281616 -0.074648812413215637 0.20443212985992432 164 161.png

163 0.93652654016834036 -0.006600100516276213 -0.33077414419911488 -0.11603006501135857 0.59193927049636841 -0.079358704388141632 0.20502233505249023 163 160.png

162 0.93650088317888514 -0.0095208465083629137 -0.33113574214549496 -0.11499831422773214 0.59193867444992065 -0.0840655118227005 0.20564168691635132 162 159.png

161 0.93646610788605344 -0.012441495773761435 -0.33149407961447208 -0.11396543265474492 0.59193795919418335 -0.088769026100635529 0.20629036426544189 161 158.png

160 0.93642224509971561 -0.015362029681086752 -0.33184923535653937 -0.11293145788598243 0.59193742275238037 -0.093469083309173584 0.20696818828582764 160 157.png

159 0.9363692537583882 -0.018282394802017897 -0.33220113834998799 -0.11189637650572631 0.59193670749664307 -0.098165474832057953 0.2076752781867981 159 156.png

158 0.93630715618438165 -0.021202596444867754 -0.33254982223659618 -0.1108602190677053 0.59193611145019531 -0.10285801440477371 0.20841139554977417 158 155.png

157 0.93623598239779604 -0.024122591684773268 -0.33289522221186807 -0.10982296751806327 0.59193545579910278 -0.10754655301570892 0.20917654037475586 157 154.png

156 0.93615566665891525 -0.027042343943608695 -0.33323743464349281 -0.10878464682956032 0.59193480014801025 -0.11223087459802628 0.20997095108032227 156 153.png

155 0.93606625437131652 -0.029961833778561067 -0.33357642071963689 -0.10774528077497278 0.59193426370620728 -0.11691082268953323 0.21079450845718384 155 152.png

154 0.93596775884863337 -0.03288104626542928 -0.33391213688785448 -0.10670485713324342 0.59193360805511475 -0.12158623337745667 0.21164685487747192 154 151.png

153 0.93586012945567498 -0.035799932912560971 -0.33424460997532834 -0.10566340672159379 0.59193289279937744 -0.12625688314437866 0.21252846717834473 153 150.png

152 0.93574342673834121 -0.038718465105928523 -0.33457381102637601 -0.10462091580594157 0.59193217754364014 -0.1309225857257843 0.21343892812728882 152 149.png

151 0.93561759155846735 -0.041636622749444747 -0.33489980141538372 -0.10357741595749408 0.59193158149719238 -0.13558319211006165 0.21437841653823853 151 148.png

150 0.93563151126040733 -0.044389447984982192 -0.33484417332100525 -0.10248256938298865 0.5913812518119812 -0.13984647393226624 0.21482884883880615 150 147.png

149 0.93800780530683414 -0.044492598703136786 -0.32870379057298854 -0.10057642114728119 0.58194625377655029 -0.13782845437526703 0.20704251527786255 149 146.png

148 0.94034003189871596 -0.044593649510127613 -0.32254796282122666 -0.09866555059784192 0.57240194082260132 -0.13584308326244354 0.19938200712203979 148 145.png

147 0.9426280517887885 -0.044692609102759032 -0.31637698400616571 -0.096750047339180023 0.56274998188018799 -0.13389071822166443 0.1918489933013916 147 144.png

146 0.94487176819849306 -0.044789459895723048 -0.31019110759474949 -0.0948299855236997 0.55299216508865356 -0.13197173178195953 0.18444478511810303 146 143.png

145 0.94707110265886474 -0.044884198786328711 -0.30399068218204134 -0.092905474069534547 0.54313051700592041 -0.13008646667003632 0.17717063426971436 145 142.png

144 0.94922591626637143 -0.044976852475583404 -0.2977759560414478 -0.090976593387072147 0.53316676616668701 -0.1282353401184082 0.1700282096862793 144 141.png

143 0.95133612779207111 -0.045067377587638131 -0.29154727516510276 -0.089043442811287524 0.52310276031494141 -0.12641865015029907 0.16301858425140381 143 140.png

142 0.95340162702983355 -0.045155778829303425 -0.28530484441848819 -0.087106102042438516 0.51294046640396118 -0.12463673949241638 0.15614324808120728 142 139.png

141 0.95542231405585187 -0.045242071521574417 -0.27904902869591558 -0.085164674391835213 0.5026816725730896 -0.12288995832204819 0.14940351247787476 141 138.png

140 0.95739811463523994 -0.045326230172213371 -0.27278009826875993 -0.08321924253436945 0.4923284649848938 -0.12117861956357956 0.14280039072036743 140 137.png

139 0.95932890225228351 -0.045408262469080418 -0.26649833005985818 -0.08126989504265221 0.48188260197639465 -0.11950306594371796 0.13633537292480469 139 136.png

138 0.96121463035921773 -0.045488160072646382 -0.2602040631971857 -0.079316730423202392 0.47134628891944885 -0.11786358803510666 0.13000953197479248 138 135.png

137 0.96305518456126005 -0.04556591733597138 -0.25389756218308346 -0.077359834930162796 0.46072131395339966 -0.11626052856445312 0.12382417917251587 137 134.png

136 0.96485045272414038 -0.045641543428935505 -0.2475791288041754 -0.075399315165592437 0.45000973343849182 -0.11469414830207825 0.11778050661087036 136 133.png

135 0.96660040198036956 -0.045715008453930527 -0.24124904421760246 -0.073435243928709204 0.43921351432800293 -0.11316473782062531 0.11187946796417236 135 132.png

134 0.96830491639547422 -0.045786336077327461 -0.23490764201532155 -0.071467721436229217 0.4283348023891449 -0.11167264729738235 0.10612231492996216 134 131.png

133 0.96996393592638031 -0.045855512022695506 -0.22855518794568419 -0.069496839356359016 0.41737553477287292 -0.11021808534860611 0.10050994157791138 133 130.png

132 0.9715773485434932 -0.045922520148213644 -0.22219199914319004 -0.067522694739172731 0.40633782744407654 -0.10880136489868164 0.095043718814849854 132 129.png

131 0.97314512077654391 -0.045987382238992833 -0.21581835958471077 -0.065545371122906246 0.39522367715835571 -0.10742274671792984 0.089724421501159668 131 128.png

130 0.97466715180834618 -0.046050084304833039 -0.20943459263069392 -0.063564979571845745 0.38403534889221191 -0.1060824990272522 0.084553182125091553 130 127.png

129 0.97614338845845872 -0.046110621061909871 -0.20304097367273477 -0.061581591414855016 0.37277474999427795 -0.10478085279464722 0.079530775547027588 129 126.png

128 0.97757375619394227 -0.046168987672054559 -0.19663782227793189 -0.059595309962834547 0.36144411563873291 -0.103518046438694 0.074658334255218506 128 125.png

59 0.95692841113552118 0.038515640754214618 -0.26683473443896566 -0.10772087992162668 0.49638432264328003 0.021532846614718437 0.13656020164489746 59 056.png

58 0.95891266222546123 0.038605059361877338 -0.26063824030778371 -0.10518507496792917 0.48577862977981567 0.024383990094065666 0.13032150268554688 58 055.png

57 0.96085011464827086 0.038692596966229502 -0.2544290427277231 -0.10264415569420939 0.47507816553115845 0.027173273265361786 0.12421822547912598 57 054.png

56 0.96274071816779594 0.038778256495703829 -0.24820741704946006 -0.10009821330033572 0.46428492665290833 0.029900163412094116 0.1182515025138855 56 053.png

55 0.96458437749972314 0.03886201124463079 -0.24197370461542342 -0.097547394893271341 0.45340120792388916 0.032564114779233932 0.11242234706878662 55 052.png

54 0.9663809681255261 0.038943889338489183 -0.2357281836039371 -0.094991819906266151 0.44242897629737854 0.035164672881364822 0.1067320704460144 54 051.png

53 0.96813043655632325 0.039023846060731608 -0.22947116817763488 -0.092431616631464847 0.43137046694755554 0.037701215595006943 0.10118186473846436 53 050.png

52 0.9698326844139854 0.039101915112734364 -0.2232029604381644 -0.089866895462989052 0.42022782564163208 0.040173336863517761 0.095772624015808105 52 049.png

51 0.97148763781077474 0.039178074765493585 -0.21692386440965941 -0.087297803635134869 0.40900316834449768 0.042580526322126389 0.090505421161651611 51 048.png

50 0.97309520881636835 0.039252318786152228 -0.21063418763411623 -0.084724440595301084 0.39769873023033142 0.044922299683094025 0.085381209850311279 50 047.png

49 0.97465531846733677 0.039324655378809935 -0.20433424364933928 -0.082146948061586372 0.3863166868686676 0.047198235988616943 0.080401182174682617 49 046.png

48 0.97616789665495296 0.039395068906817245 -0.19802433713012321 -0.079565452623934635 0.37485933303833008 0.049407877027988434 0.075566291809082031 48 045.png

47 0.97763285915735854 0.039463559103083627 -0.19170476126776109 -0.076980083090741974 0.36332884430885315 0.051550764590501785 0.070877373218536377 47 044.png

46 0.97905014575769944 0.039530124195572738 -0.18537584359068052 -0.074390948423523576 0.35172742605209351 0.05362652987241745 0.066335439682006836 46 043.png

45 0.98041967443925393 0.039594777956729547 -0.17903787140628896 -0.071798187202942843 0.34005740284919739 0.055634748190641403 0.061941325664520264 45 042.png

44 0.98174139462695176 0.039657479150739139 -0.172691188403331 -0.069201931185027724 0.32832103967666626 0.057574965059757233 0.05769580602645874 44 041.png

43 0.98301522630927163 0.039718255614085519 -0.1663360693087404 -0.066602292896770568 0.31652066111564636 0.059446893632411957 0.053599834442138672 43 040.png

42 0.98424111318609486 0.039777088117114306 -0.15997283200784002 -0.063999405499799045 0.30465853214263916 0.061250112950801849 0.049654126167297363 42 039.png

41 0.98541901492725503 0.039833979010820079 -0.15360180914319949 -0.061393400832450241 0.29273691773414612 0.062984272837638855 0.04585951566696167 41 038.png

40 0.98654883153205397 0.039888940042383005 -0.1472232920148181 -0.058784402870310212 0.28075826168060303 0.064649127423763275 0.042216718196868896 40 037.png

39 0.98763054697043096 0.039941941247547227 -0.14083756890377261 -0.056172533961139075 0.26872476935386658 0.066244199872016907 0.038726449012756348 39 036.png

38 0.98866409304723935 0.039993014625726422 -0.13444500673781193 -0.053557925259863005 0.25663888454437256 0.067769341170787811 0.035389482975006104 38 035.png

37 0.98964940235368704 0.040042116174023291 -0.1280458766740673 -0.050940705799870471 0.24450290203094482 0.069224059581756592 0.032206237316131592 37 034.png

36 0.99058646840150077 0.040089281776169591 -0.12164050155550436 -0.048321003402760361 0.23231925070285797 0.070608258247375488 0.029177486896514893 36 033.png

35 0.99147520253888699 0.040134482306987157 -0.11522919550210738 -0.045698944630784319 0.22009027004241943 0.071921557188034058 0.02630382776260376 35 032.png

34 0.99231560698568988 0.040177729561084057 -0.10881226875260805 -0.04307465376484499 0.20781837403774261 0.073163740336894989 0.023585736751556396 34 031.png

33 0.99310757936835592 0.040219008947944855 -0.10239003591405885 -0.040448265787038515 0.19550590217113495 0.07433454692363739 0.021023929119110107 33 030.png

32 0.99385114550926801 0.040258330160833487 -0.095962805230475248 -0.037819903040328173 0.18315531313419342 0.075433783233165741 0.018618643283843994 32 029.png

31 0.99454623418578991 0.040295691236117079 -0.089530903175077059 -0.03518969623835088 0.17076897621154785 0.076461188495159149 0.016370534896850586 31 028.png

30 0.99519278975666103 0.040331096509047253 -0.083094620824093524 -0.032557772979636961 0.15834932029247284 0.077416613698005676 0.014280021190643311 30 027.png

13 0.99962627609770605 0.027259516324910776 -0.0019582393538507825 0.00063722733965951696 0.00044921526568941772 0.057564686983823776 0.00014626979827880859 13 010.png

12 0.99970387753340129 0.024248113769929198 -0.001955016274164301 0.00064360572982958923 0.00044920257641933858 0.051770944148302078 -8.106231689453125e-05 12 009.png

11 0.99977238866162566 0.021236492423195762 -0.0019517752860757167 0.0006499782397511837 0.00044919503852725029 0.045975290238857269 -0.0002734065055847168 11 008.png

10 0.99983182625472311 0.018224689109799817 -0.001948516446832492 0.00065634485878389708 0.00044919259380549192 0.040178012102842331 -0.000431060791015625 10 007.png

9 0.9998821770278945 0.015212704037587638 -0.001945240104246865 0.00066270556635604819 0.00044919599895365536 0.034379228949546814 -0.0005537867546081543 9 006.png

8 0.99992346470728288 0.012200596402006594 -0.0019419460673509796 0.00066906017162159581 0.00044920429354533553 0.028579244390130043 -0.00064176321029663086 8 005.png

7 0.99995567551369891 0.0091883738551103728 -0.0019386344501148547 0.00067540877011286785 0.00044921837979927659 0.02277815155684948 -0.00069481134414672852 7 004.png

6 0.99997884757797284 0.0061760733578928332 -0.001935305148470598 0.00068175127645838448 0.0004492380830924958 0.016976293176412582 -0.00071322917938232422 6 003.png

5 0.99999291447274996 0.0031636954000963608 -0.0019319583763288332 0.00068808753042340072 0.00044926383998245001 0.011173726059496403 -0.00069677829742431641 5 002.png

4 0.99999790638466068 0.00015129925694417734 -0.001928593984789975 0.0006944175388685068 0.00044929469004273415 0.0053707929328083992 -0.0006453394889831543 4 001.png

3 0.99999383090023686 -0.0028610778523964365 -0.0019252121007482443 0.00070074117786612347 0.0004493318556342274 -0.00043230562005192041 -0.00055921077728271484 3 000.png

2 0.93654307960381833 -0.0036792997787344398 -0.33040930703884552 -0.11706068729674211 0.59193986654281616 -0.074648812413215637 0.20443202555179596 2 livephoto_141.jpg

1 0.99999381599898363 -0.0028610867426495179 -0.0019252121294364947 0.0007007398204196192 0.00044934751349501312 -0.00043234991608187556 -0.00055908400099724531 1 livephoto_020.jpg

14 0.99953963441538929 0.030270661418461565 -0.0019614448600709434 0.00063084321165842588 0.00044923304812982678 0.063356317579746246 0.00040811300277709961 14 011.png

15 0.99944389795227495 0.033281550507549169 -0.0019646326912375321 0.00062445335076858439 0.00044925618567503989 0.069145694375038147 0.00070488452911376953 15 012.png

16 0.9993391013720696 0.036292122809551443 -0.0019678024533266092 0.00061805779243019436 0.00044928377610631287 0.074932537972927094 0.0010364055633544922 16 013.png

17 0.99922525673687146 0.039302355253214655 -0.0019709544943467675 0.00061165661563632612 0.00044931622687727213 0.080716639757156372 0.0014026165008544922 17 014.png

18 0.99915913902869391 0.040602015558686928 -0.0056331646645646632 -0.00088761533761717209 0.0076020997948944569 0.083211012184619904 0.0016012191772460938 18 015.png

19 0.99909642494552076 0.040590305786107957 -0.012097308305146865 -0.0035301035305305389 0.020231148228049278 0.083130210638046265 0.001777946949005127 19 016.png

20 0.99898496909857382 0.040576621605333152 -0.018560860428554697 -0.006172419948538478 0.032856244593858719 0.082976087927818298 0.0021151900291442871 20 017.png

21 0.99882479246774836 0.040560952040767213 -0.025023508259408661 -0.0088144351417965595 0.045474939048290253 0.082748688757419586 0.0026127099990844727 21 018.png

22 0.9986159089133384 0.040543315663577439 -0.03148493500466517 -0.011456020119252232 0.05808475986123085 0.08244805783033371 0.0032706260681152344 22 019.png

23 0.99835831025142419 0.040523694064477644 -0.037944828422892159 -0.014097047582220627 0.070683248341083527 0.082074277102947235 0.0040884613990783691 23 020.png

24 0.99805203341291304 0.040502103729769118 -0.044402870937069898 -0.016737385313952701 0.083267956972122192 0.081627361476421356 0.0050664544105529785 24 021.png

25 0.99769706343868358 0.040478532825272612 -0.050858746691669086 -0.019376907897446592 0.095836400985717773 0.081107437610626221 0.0062041282653808594 25 022.png

26 0.99729344545461684 0.040452988894738293 -0.057312141315109699 -0.022015486007961188 0.10838616639375687 0.080514602363109589 0.0075013041496276855 26 023.png

27 0.99684118016193746 0.040425465773314649 -0.06376273903515435 -0.024652990468186729 0.1209147721529007 0.079848967492580414 0.0089577436447143555 27 024.png

28 0.99634030600500156 0.040395977609390052 -0.070210229387266246 -0.027289290055782813 0.13341981172561646 0.07911064475774765 0.010573267936706543 28 025.png

29 0.99579083941918367 0.040364523935295028 -0.076654302971317853 -0.029924261615834398 0.14589881896972656 0.078299805521965027 0.012347400188446045 29 026.png

60 0.95489752218394575 0.038424341009523973 -0.27301821085483252 -0.11025142478960412 0.50689315795898438 0.01862042210996151 0.14293277263641357 60 057.png

61 0.9528200412100245 0.038331156306992437 -0.2791883705057287 -0.11277659638884761 0.51730316877365112 0.015647256746888161 0.14943850040435791 61 058.png

62 0.95069609380575415 0.038236118233596274 -0.28534491406095563 -0.11529626490003271 0.52761226892471313 0.012613973580300808 0.15607565641403198 62 059.png

63 0.94852579199191156 0.038139211577465096 -0.29148755215203814 -0.11781030986830722 0.53781849145889282 0.0095211165025830269 0.16284316778182983 63 060.png

64 0.94630921050078765 0.038040429857181333 -0.29761596601962853 -0.12031861557878427 0.54791969060897827 0.0063692857511341572 0.16973972320556641 64 061.png

65 0.9440464889825354 0.037939810754654496 -0.30372985428220645 -0.12282103852768075 0.55791401863098145 0.003159163985401392 0.17676383256912231 65 062.png

66 0.94173771416478358 0.037837334619157829 -0.30982893802487421 -0.12531748118651134 0.56779950857162476 -0.0001086769625544548 0.18391424417495728 66 063.png

67 0.93938300650275275 0.037733015436297972 -0.31591291766572455 -0.12780781797823151 0.57757419347763062 -0.0034336098469793797 0.19118964672088623 67 064.png

68 0.93698249679886858 0.037626842571420072 -0.32198149541345145 -0.13029190165552323 0.58723634481430054 -0.006814978551119566 0.19858837127685547 68 065.png

69 0.93584634849678516 0.036125477362750048 -0.32515314044485932 -0.13100388229861099 0.59193116426467896 -0.010821394622325897 0.20223689079284668 69 066.png

70 0.93595223614231815 0.033283597200947507 -0.32554814424738532 -0.13001549302561818 0.59193176031112671 -0.015388505533337593 0.20221275091171265 70 067.png

71 0.93604949160141737 0.030441403010121743 -0.32594020624248721 -0.12902590251989618 0.59193235635757446 -0.019955094903707504 0.2022165060043335 71 068.png

72 0.93613809368793555 0.027598924333056246 -0.32632928190723959 -0.12803512647246731 0.59193295240402222 -0.024520935490727425 0.20224815607070923 72 069.png

73 0.93621809260770139 0.024756196498113493 -0.32671531760855782 -0.12704317868314796 0.59193366765975952 -0.029085883870720863 0.20230764150619507 73 070.png

74 0.93628943486301575 0.021913253865232084 -0.32709832754164203 -0.12605004328955258 0.59193426370620728 -0.033649735152721405 0.20239490270614624 74 071.png

75 0.93635216221771844 0.019070088396363774 -0.3274783084145782 -0.12505575507516203 0.59193480014801025 -0.038212403655052185 0.20250999927520752 75 072.png

76 0.93640624457680277 0.016226757448433531 -0.32785531368668042 -0.1240603107079879 0.59193539619445801 -0.042773615568876266 0.20265305042266846 76 073.png

77 0.93645169935044248 0.013383265595290825 -0.32822926865049024 -0.12306372826869448 0.59193599224090576 -0.047333322465419769 0.20282381772994995 77 074.png

78 0.93648851188318127 0.010539673664332384 -0.32860022105143727 -0.12206600217929192 0.59193664789199829 -0.051891196519136429 0.20302242040634155 78 075.png

79 0.93651670706103607 0.0076959544518624438 -0.32896809321515963 -0.12106715344787254 0.59193724393844604 -0.05644727498292923 0.20324879884719849 79 076.png

80 0.93653626179591198 0.0048521926782326306 -0.32933296733720618 -0.12006718540779567 0.5919378399848938 -0.061001140624284744 0.20350295305252075 80 077.png

81 0.93654716867366461 0.002008361363570476 -0.32969484040346714 -0.11906611514963607 0.59193861484527588 -0.065552867949008942 0.20378488302230835 81 078.png

82 0.93654944390713246 -0.00083546710116484755 -0.3300536054545497 -0.11806394873627557 0.59193921089172363 -0.070102117955684662 0.20409470796585083 82 079.png

83 0.93654307960381833 -0.003679307734140613 -0.33040937068209492 -0.11706069525214828 0.59193986654281616 -0.074648812413215637 0.20443212985992432 83 080.png

84 0.99999383090023686 -0.0028610778523964365 -0.0019252121007482443 0.00070074117786612347 0.0004493318556342274 -0.00043230562005192041 -0.00055921077728271484 84 081.png

85 0.9999799428358882 -0.0059978525815984236 -0.0019243613988745077 0.00070635839927666309 0.00044936794438399374 -0.0064330087043344975 -0.00064504146575927734 85 082.png

86 0.99995619707732264 -0.0091345511615459427 -0.0019234917407342457 0.00071196853396248306 0.00044939867802895606 -0.012433435767889023 -0.00069314241409301758 86 083.png

87 0.99992261527572257 -0.012271169225089557 -0.001922603057626646 0.0007175717318030464 0.00044942428939975798 -0.018433386459946632 -0.00070339441299438477 87 084.png

88 0.99987920389151275 -0.015407672556304746 -0.0019216955418505596 0.0007231679490353111 0.00044944431283511221 -0.024432633072137833 -0.00067591667175292969 88 085.png

89 0.99982594674056791 -0.018544019814278386 -0.0019207690788425329 0.00072875692496706865 0.00044945921399630606 -0.030430948361754417 -0.00061070919036865234 89 086.png

90 0.99976286460648611 -0.021680183947007603 -0.0019198237147355411 0.00073433877918695461 0.00044946876005269587 -0.036428041756153107 -0.00050771236419677734 90 087.png

91 0.99968993327067368 -0.024816123835928138 -0.0019188595227905144 0.00073991334349362713 0.00044947271817363799 -0.042423680424690247 -0.00036692619323730469 91 088.png

92 0.9996071654843548 -0.027951812515187684 -0.0019178763876902367 0.00074548065510062823 0.0004494706226978451 -0.048417676240205765 -0.00018846988677978516 92 089.png

93 0.99951456625811874 -0.031087260347427911 -0.0019168743825655323 0.00075104075633691326 0.00044946270645596087 -0.054409824311733246 2.7775764465332031e-05 93 090.png

94 0.99941214031417069 -0.034222373262222348 -0.0019158535800318482 0.00075659331065511075 0.00044944946421310306 -0.060399774461984634 0.00028169155120849609 94 091.png

95 0.99929986226346112 -0.037357147668667788 -0.0019148138763470939 0.00076213849890295745 0.00044942967360839248 -0.066387340426445007 0.00057333707809448242 95 092.png

96 0.99917775861158054 -0.040491581898256732 -0.0019137552418729785 0.00076767620011301656 0.0004494038294069469 -0.072372347116470337 0.00090265274047851562 96 093.png

97 0.99904584067125901 -0.043625596286588825 -0.0019126780246178623 0.00077320633312127213 0.00044937193160876632 -0.078354470431804657 0.0012695193290710449 97 094.png

98 0.99890408217792925 -0.046759179849818006 -0.0019115816530150564 0.00077872881618446009 0.00044933351455256343 -0.084333516657352448 0.0016741752624511719 98 095.png

99 0.99886515417821065 -0.046909907083786131 -0.0081593239611333201 -0.0011572321515902972 0.012278982438147068 -0.084628462791442871 0.0017741918563842773 99 096.png

100 0.99878555553249815 -0.046915152436330453 -0.014706928126136909 -0.0031864215555857328 0.024674724787473679 -0.084692001342773438 0.0020194649696350098 100 097.png

101 0.99865899472277697 -0.046918195861407878 -0.021253839381190454 -0.0052154615604802649 0.037065830081701279 -0.084798194468021393 0.0024292469024658203 101 098.png

102 0.99848551358634607 -0.0469190349852018 -0.027799752588854521 -0.0072442559738946834 0.049449965357780457 -0.084946990013122559 0.0030034184455871582 102 099.png

103 0.99826511751550817 -0.046917672255156091 -0.034344361370302008 -0.0092727098158807281 0.061824813485145569 -0.085138373076915741 0.0037417411804199219 103 100.png

104 0.99799779035948577 -0.046914106779547653 -0.040887353878955916 -0.011300728135557839 0.074188031256198883 -0.085372313857078552 0.0046443939208984375 104 101.png

105 0.99768359894334246 -0.046908340610501913 -0.047428426121641033 -0.013328215255875304 0.086537301540374756 -0.085648760199546814 0.0057109594345092773 105 102.png

106 0.99732249150486041 -0.046900362083585001 -0.053967268534721023 -0.015355075820418052 0.098870314657688141 -0.085967637598514557 0.006941378116607666 106 103.png

107 0.99691452169252681 -0.046890183828972892 -0.060503576676785221 -0.017381216019559536 0.1111847460269928 -0.086328916251659393 0.0083353519439697266 107 104.png

108 0.99645969924072808 -0.046877793773817809 -0.067037038990781353 -0.01940653884322795 0.12347826361656189 -0.086732514202594757 0.009892582893371582 108 105.png

109 0.9959580497309336 -0.046863204637703854 -0.07356734863138284 -0.021430947397474042 0.13574856519699097 -0.087178364396095276 0.011612892150878906 109 106.png

110 0.99540959218511749 -0.046846402656754695 -0.080094208357473037 -0.023454351775432192 0.14799335598945618 -0.087666355073451996 0.013495922088623047 110 107.png

111 0.99481436152642622 -0.046827421347249654 -0.08661729497438353 -0.025476653077416447 0.16021034121513367 -0.088196463882923126 0.015541136264801025 111 108.png

112 0.99417237116820334 -0.046806223507184101 -0.093136322048304673 -0.027497756859433849 0.17239721119403839 -0.088768512010574341 0.017748415470123291 112 109.png

113 0.99348367295146578 -0.046782833152812453 -0.099650959581721293 -0.029517567790604431 0.18455164134502411 -0.089382432401180267 0.020117104053497314 113 110.png

114 0.99274826723349563 -0.046757242402793636 -0.10616092087512892 -0.031535991132948783 0.19667139649391174 -0.090038105845451355 0.02264702320098877 114 111.png

115 0.99196623039496445 -0.046729454172089534 -0.11266588966342389 -0.033552934543270671 0.20875418186187744 -0.090735390782356262 0.025337457656860352 115 112.png

116 0.9911375497794912 -0.046699478726254288 -0.11916557479588348 -0.035568301913216686 0.22079774737358093 -0.091474205255508423 0.028188109397888184 116 113.png

117 0.99026230390840997 -0.046667287590455173 -0.12565965639609405 -0.037581995840545904 0.23279978334903717 -0.092254340648651123 0.031198263168334961 117 114.png

118 0.98934051228247744 -0.046632922135586556 -0.13214781772432083 -0.039593923602850807 0.24475803971290588 -0.093075692653656006 0.034367382526397705 118 115.png

119 0.98837224820324321 -0.046596356659830709 -0.1386297763872115 -0.041603988275715709 0.25667032599449158 -0.093938104808330536 0.037694931030273438 119 116.png

120 0.98735751832301899 -0.046557605624869991 -0.14510523616287438 -0.043612103816737621 0.26853439211845398 -0.094841428101062775 0.041180193424224854 120 117.png

121 0.98629639074055231 -0.046516664927570311 -0.15157385796699133 -0.045618161505100903 0.28034788370132446 -0.095785461366176605 0.044822752475738525 121 118.png

122 0.98518891216104987 -0.04647353463026388 -0.15803536149716424 -0.047622082309895293 0.29210874438285828 -0.096770033240318298 0.048621714115142822 122 119.png

123 0.98403513808867726 -0.046428225126756983 -0.16448943779121991 -0.049623764602079838 0.30381467938423157 -0.097794957458972931 0.052576303482055664 123 120.png

124 0.98283511774088617 -0.046380735178395568 -0.17093578158153566 -0.051623109320460228 0.31546348333358765 -0.098860070109367371 0.056685924530029297 124 121.png

125 0.98158890921532249 -0.046331058719209353 -0.17737409623297407 -0.053620032459895876 0.32705304026603699 -0.099965132772922516 0.06094968318939209 125 122.png

126 0.98029657197123499 -0.046279204182733083 -0.18380407957763026 -0.055614440760164689 0.33858111500740051 -0.10110996663570404 0.065366923809051514 126 123.png

127 0.97895817447690014 -0.046225186628112355 -0.19022540698988888 -0.057606221627283821 0.35004550218582153 -0.10229435563087463 0.069936811923980713 127 124.png

